=== Run information ===

Scheme:       weka.clusterers.SimpleKMeans -init 0 -max-candidates 100 -periodic-pruning 10000 -min-density 2.0 -t1 -1.25 -t2 -1.0 -N 13 -A "weka.core.EuclideanDistance -R first-last" -I 500 -num-slots 1 -S 10
Relation:     wine-weka.filters.unsupervised.instance.Resample-S0-Z30.0-no-replacement-V
Instances:    3429
Attributes:   12
              fixedacid
              volacid
              citricacid
              residualsugar
              chlorides
              freesulfur
              totalsulfur
              density
              pH
              sulphates
              alcohol
Ignored:
              class
Test mode:    evaluate on training data


=== Clustering model (full training set) ===


kMeans
======

Number of iterations: 64
Within cluster sum of squared errors: 190.54200987283414

Initial starting points (random):

Cluster 0: 7,0.27,0.32,6.8,0.047,47,193,0.9938,3.23,0.39,11.4
Cluster 1: 6.8,0.27,0.49,1.2,0.044,35,126,0.99,3.13,0.48,12.1
Cluster 2: 6.8,0.21,0.31,2.9,0.046,40,121,0.9913,3.07,0.65,10.9
Cluster 3: 6.6,0.3,0.25,8,0.036,21,124,0.99362,3.06,0.38,10.8
Cluster 4: 6.8,0.41,0.3,8.8,0.045,28,131,0.9953,3.12,0.59,9.9
Cluster 5: 7,0.15,0.28,14.7,0.051,29,149,0.99792,2.96,0.39,9
Cluster 6: 5.9,0.17,0.28,0.7,0.027,5,28,0.98985,3.13,0.32,10.6
Cluster 7: 6.2,0.36,0.26,13.2,0.051,54,201,0.9976,3.25,0.46,9
Cluster 8: 6.3,0.37,0.28,6.3,0.034,45,152,0.9921,3.29,0.46,11.6
Cluster 9: 6.6,0.37,0.07,1.4,0.048,58,144,0.9922,3.17,0.38,10
Cluster 10: 6.3,0.19,0.32,2.8,0.046,18,80,0.99043,2.92,0.47,11.05
Cluster 11: 6.4,0.25,0.28,4.9,0.03,29,98,0.99024,3.09,0.58,12.8
Cluster 12: 9.6,0.655,0.21,2,0.039,21,120,0.99188,3,1,12.6

Missing values globally replaced with mean/mode

Final cluster centroids:
                             Cluster#
Attribute        Full Data          0          1          2          3          4          5          6          7          8          9         10         11         12
                  (3429.0)    (411.0)    (264.0)    (222.0)    (304.0)    (181.0)    (298.0)    (291.0)    (418.0)    (222.0)    (183.0)    (295.0)    (185.0)    (155.0)
=========================================================================================================================================================================
fixedacid           6.8676     6.5796     6.3581     6.8905     7.3424     7.4486     7.0795     6.4632     6.6633     6.3252     6.8945     7.9837     6.4357     6.8952
volacid             0.2781     0.2457     0.2684     0.2578     0.3101     0.3271      0.247     0.2314     0.2741     0.2256        0.5     0.2376     0.3825     0.2144
citricacid          0.3349     0.3245      0.338     0.3403     0.3292     0.4312     0.4159     0.2724     0.3216     0.3035      0.258     0.3741     0.3004     0.3479
residualsugar       6.4058     4.1863     3.4903     6.5748     5.4234    13.1787    12.3238     5.1134    10.0733     3.6806     6.2366     4.4605     4.1689     2.6648
chlorides           0.0456     0.0405     0.0342     0.0463     0.0359     0.0548     0.0582     0.0512      0.051     0.0428     0.0635     0.0431     0.0326     0.0391
freesulfur         35.3199    31.4635    31.0379    41.1577    28.7352    49.9337    40.7651    27.7801    51.2596    33.6261    28.3361    27.8576    28.6486    33.8645
totalsulfur       138.1464   122.3005   114.0076     169.75   115.9441   199.9282   151.7852   114.4983   183.4617   133.7838   142.6393   119.5797   106.9514   116.8968
density              0.994     0.9924     0.9903     0.9955      0.992     0.9982     0.9975     0.9941     0.9966     0.9936     0.9951     0.9939     0.9906     0.9917
pH                  3.1852     3.2403     3.2559     3.2871     3.0548     3.0767     3.0183     3.2053     3.2107     3.4736     3.1909     3.0502     3.2354     3.1479
sulphates           0.4897     0.4709      0.401     0.6697     0.3792     0.5854     0.4412      0.428     0.4622      0.525     0.4653     0.4745      0.582     0.7182
alcohol            10.5106    11.0651    12.4681      9.891    11.7188     9.4295     9.0883     9.6904     9.3875    10.5089     9.6936    10.3825    12.6416    11.4569




Time taken to build model (full training data) : 0.44 seconds

=== Model and evaluation on training set ===

Clustered Instances

 0       411 ( 12%)
 1       264 (  8%)
 2       222 (  6%)
 3       304 (  9%)
 4       181 (  5%)
 5       298 (  9%)
 6       291 (  8%)
 7       418 ( 12%)
 8       222 (  6%)
 9       183 (  5%)
10       295 (  9%)
11       185 (  5%)
12       155 (  5%)

