=== Run information ===

Scheme:       weka.clusterers.SimpleKMeans -init 0 -max-candidates 100 -periodic-pruning 10000 -min-density 2.0 -t1 -1.25 -t2 -1.0 -N 15 -A "weka.core.EuclideanDistance -R first-last" -I 500 -num-slots 1 -S 10
Relation:     wine-weka.filters.unsupervised.instance.Resample-S0-Z30.0-no-replacement-V
Instances:    3429
Attributes:   12
              fixedacid
              volacid
              citricacid
              residualsugar
              chlorides
              freesulfur
              totalsulfur
              density
              pH
              sulphates
              alcohol
Ignored:
              class
Test mode:    evaluate on training data


=== Clustering model (full training set) ===


kMeans
======

Number of iterations: 71
Within cluster sum of squared errors: 182.9032693921229

Initial starting points (random):

Cluster 0: 7,0.27,0.32,6.8,0.047,47,193,0.9938,3.23,0.39,11.4
Cluster 1: 6.8,0.27,0.49,1.2,0.044,35,126,0.99,3.13,0.48,12.1
Cluster 2: 6.8,0.21,0.31,2.9,0.046,40,121,0.9913,3.07,0.65,10.9
Cluster 3: 6.6,0.3,0.25,8,0.036,21,124,0.99362,3.06,0.38,10.8
Cluster 4: 6.8,0.41,0.3,8.8,0.045,28,131,0.9953,3.12,0.59,9.9
Cluster 5: 7,0.15,0.28,14.7,0.051,29,149,0.99792,2.96,0.39,9
Cluster 6: 5.9,0.17,0.28,0.7,0.027,5,28,0.98985,3.13,0.32,10.6
Cluster 7: 6.2,0.36,0.26,13.2,0.051,54,201,0.9976,3.25,0.46,9
Cluster 8: 6.3,0.37,0.28,6.3,0.034,45,152,0.9921,3.29,0.46,11.6
Cluster 9: 6.6,0.37,0.07,1.4,0.048,58,144,0.9922,3.17,0.38,10
Cluster 10: 6.3,0.19,0.32,2.8,0.046,18,80,0.99043,2.92,0.47,11.05
Cluster 11: 6.4,0.25,0.28,4.9,0.03,29,98,0.99024,3.09,0.58,12.8
Cluster 12: 9.6,0.655,0.21,2,0.039,21,120,0.99188,3,1,12.6
Cluster 13: 6.2,0.3,0.28,1.6,0.036,28,106,0.988245,3.14,0.41,13.3
Cluster 14: 5.8,0.31,0.31,7.5,0.052,55,230,0.9949,3.19,0.46,9.8

Missing values globally replaced with mean/mode

Final cluster centroids:
                             Cluster#
Attribute        Full Data          0          1          2          3          4          5          6          7          8          9         10         11         12         13         14
                  (3429.0)    (396.0)    (265.0)    (137.0)    (237.0)    (159.0)    (298.0)    (280.0)    (164.0)    (232.0)    (173.0)    (274.0)    (160.0)    (121.0)    (197.0)    (336.0)
===============================================================================================================================================================================================
fixedacid           6.8676     6.5184     7.0966     6.8766     7.6945     7.3887     7.1268     6.5914     6.6543     6.4159     6.9358      7.581     6.5269     6.7756     6.0541     6.7365
volacid             0.2781     0.2388     0.3025     0.2475     0.2754     0.3431     0.2465     0.2333     0.2479      0.236      0.505     0.2351     0.3559     0.2117     0.3144     0.2823
citricacid          0.3349     0.3168     0.3406     0.3503     0.3482     0.4274     0.4182     0.2833     0.2901     0.3099     0.2564     0.3714      0.312     0.3611     0.3014     0.3322
residualsugar       6.4058     3.9852     4.5842     7.0398     5.3555    13.5119    12.4116     4.1273    13.9134     3.9325     6.2763      4.806     4.1944      2.538     3.6759     7.8478
chlorides           0.0456     0.0405     0.0353     0.0465     0.0368     0.0551     0.0574     0.0531     0.0493     0.0437     0.0641      0.044     0.0331     0.0386      0.033     0.0512
freesulfur         35.3199    32.0088    29.7755    42.0547    26.8903    48.9969    42.2131    26.9893    40.0366    34.1078    27.4364    31.3321    28.8938    34.1405    29.7766    53.7321
totalsulfur       138.1464   123.0669   110.8566      160.5   114.1392    201.544   158.0252     112.55   148.0244   141.5086   140.6127   126.8358     109.35   119.8058   111.0609   195.9688
density              0.994     0.9923     0.9909     0.9957     0.9931     0.9984     0.9975     0.9939     0.9983      0.994     0.9952     0.9938     0.9907     0.9914     0.9904     0.9957
pH                  3.1852     3.2519      3.088     3.2747     3.0319     3.0905     3.0127     3.1898      3.285     3.4651     3.1894     3.0908     3.2323     3.1695     3.3247     3.1837
sulphates           0.4897     0.4588     0.3934     0.7182     0.3748      0.593     0.4508     0.4261     0.4333     0.5465     0.4655     0.5527     0.6114      0.731     0.4082     0.4812
alcohol            10.5106    11.0968    12.3049     9.8095     10.843     9.3744     9.0826     9.6604     9.2128    10.4031     9.6817    10.5302    12.6228    11.5977    12.4147     9.5734




Time taken to build model (full training data) : 0.44 seconds

=== Model and evaluation on training set ===

Clustered Instances

 0       396 ( 12%)
 1       265 (  8%)
 2       137 (  4%)
 3       237 (  7%)
 4       159 (  5%)
 5       298 (  9%)
 6       280 (  8%)
 7       164 (  5%)
 8       232 (  7%)
 9       173 (  5%)
10       274 (  8%)
11       160 (  5%)
12       121 (  4%)
13       197 (  6%)
14       336 ( 10%)

