=== Run information ===

Scheme:       weka.clusterers.SimpleKMeans -init 0 -max-candidates 100 -periodic-pruning 10000 -min-density 2.0 -t1 -1.25 -t2 -1.0 -N 14 -A "weka.core.EuclideanDistance -R first-last" -I 500 -num-slots 1 -S 10
Relation:     wine-weka.filters.unsupervised.instance.Resample-S0-Z30.0-no-replacement-V
Instances:    3429
Attributes:   12
              fixedacid
              volacid
              citricacid
              residualsugar
              chlorides
              freesulfur
              totalsulfur
              density
              pH
              sulphates
              alcohol
Ignored:
              class
Test mode:    evaluate on training data


=== Clustering model (full training set) ===


kMeans
======

Number of iterations: 38
Within cluster sum of squared errors: 186.9438146284602

Initial starting points (random):

Cluster 0: 7,0.27,0.32,6.8,0.047,47,193,0.9938,3.23,0.39,11.4
Cluster 1: 6.8,0.27,0.49,1.2,0.044,35,126,0.99,3.13,0.48,12.1
Cluster 2: 6.8,0.21,0.31,2.9,0.046,40,121,0.9913,3.07,0.65,10.9
Cluster 3: 6.6,0.3,0.25,8,0.036,21,124,0.99362,3.06,0.38,10.8
Cluster 4: 6.8,0.41,0.3,8.8,0.045,28,131,0.9953,3.12,0.59,9.9
Cluster 5: 7,0.15,0.28,14.7,0.051,29,149,0.99792,2.96,0.39,9
Cluster 6: 5.9,0.17,0.28,0.7,0.027,5,28,0.98985,3.13,0.32,10.6
Cluster 7: 6.2,0.36,0.26,13.2,0.051,54,201,0.9976,3.25,0.46,9
Cluster 8: 6.3,0.37,0.28,6.3,0.034,45,152,0.9921,3.29,0.46,11.6
Cluster 9: 6.6,0.37,0.07,1.4,0.048,58,144,0.9922,3.17,0.38,10
Cluster 10: 6.3,0.19,0.32,2.8,0.046,18,80,0.99043,2.92,0.47,11.05
Cluster 11: 6.4,0.25,0.28,4.9,0.03,29,98,0.99024,3.09,0.58,12.8
Cluster 12: 9.6,0.655,0.21,2,0.039,21,120,0.99188,3,1,12.6
Cluster 13: 6.2,0.3,0.28,1.6,0.036,28,106,0.988245,3.14,0.41,13.3

Missing values globally replaced with mean/mode

Final cluster centroids:
                             Cluster#
Attribute        Full Data          0          1          2          3          4          5          6          7          8          9         10         11         12         13
                  (3429.0)    (403.0)    (251.0)    (208.0)    (246.0)    (171.0)    (298.0)    (296.0)    (395.0)    (225.0)    (174.0)    (264.0)    (158.0)    (148.0)    (192.0)
====================================================================================================================================================================================
fixedacid           6.8676     6.6136     7.0586     6.8611     7.5114     7.4585     7.0765     6.4534     6.6829     6.3364     6.8494     7.9076     6.5114     6.8517     6.0154
volacid             0.2781     0.2373     0.2881     0.2586     0.3018     0.3295     0.2478     0.2316     0.2762     0.2261     0.5007     0.2353      0.357     0.2115     0.3234
citricacid          0.3349     0.3267     0.3503     0.3407     0.3335     0.4309     0.4148     0.2725     0.3275     0.3045     0.2549     0.3717     0.3113     0.3483     0.2957
residualsugar       6.4058     3.9779     4.0548     6.7394     6.0608    13.4301    12.3794     5.7284    10.0082     3.5851     6.1233     4.3727     4.2285     2.6368     3.8148
chlorides           0.0456     0.0408      0.035     0.0462     0.0371     0.0544      0.058     0.0503      0.051      0.043     0.0651     0.0466     0.0331     0.0392     0.0328
freesulfur         35.3199    31.0881    29.8924    40.3413    28.3069    50.4269    40.7617    28.8446    52.9228    34.3511    28.5891     28.322    28.8544    34.0608    29.8594
totalsulfur       138.1464   122.0831   109.8367   169.4832   118.0528   201.8246   151.9933   117.8682      187.2   135.2844   144.0172   122.6326   109.3481   117.2365   111.9896
density              0.994     0.9923     0.9907     0.9956     0.9931     0.9983     0.9975     0.9945     0.9966     0.9936     0.9951     0.9941     0.9907     0.9916     0.9905
pH                  3.1852     3.2297     3.0976     3.2901     3.0553     3.0753     3.0188     3.2274     3.2044     3.4669     3.1952     3.0618     3.2342     3.1531     3.3266
sulphates           0.4897     0.4711     0.4011     0.6759     0.3705     0.5869     0.4392      0.426     0.4664     0.5261     0.4689     0.5095     0.6121     0.7176     0.4063
alcohol            10.5106    11.0679    12.3942     9.8726    11.0616      9.406     9.0849     9.6142     9.4169     10.523     9.6249    10.2542    12.6199    11.4528    12.3708




Time taken to build model (full training data) : 0.33 seconds

=== Model and evaluation on training set ===

Clustered Instances

 0       403 ( 12%)
 1       251 (  7%)
 2       208 (  6%)
 3       246 (  7%)
 4       171 (  5%)
 5       298 (  9%)
 6       296 (  9%)
 7       395 ( 12%)
 8       225 (  7%)
 9       174 (  5%)
10       264 (  8%)
11       158 (  5%)
12       148 (  4%)
13       192 (  6%)

