=== Run information ===

Scheme:       weka.clusterers.EM -I 100 -N -1 -X 10 -max -1 -ll-cv 1.0E-6 -ll-iter 1.0E-6 -M 1.0E-6 -K 10 -num-slots 1 -S 100
Relation:     wine-weka.filters.unsupervised.instance.Resample-S0-Z30.0-no-replacement-V
Instances:    3429
Attributes:   12
              fixedacid
              volacid
              citricacid
              residualsugar
              chlorides
              freesulfur
              totalsulfur
              density
              pH
              sulphates
              alcohol
Ignored:
              class
Test mode:    evaluate on training data


=== Clustering model (full training set) ===


EM
==

Number of clusters selected by cross validation: 22
Number of iterations performed: 100


                 Cluster
Attribute              0        1        2        3        4        5        6        7        8        9       10       11       12       13       14       15       16       17       18       19       20       21
                  (0.03)   (0.06)   (0.11)   (0.09)   (0.11)   (0.03)   (0.04)   (0.03)   (0.02)   (0.03)   (0.06)   (0.05)   (0.01)   (0.05)   (0.01)   (0.04)   (0.03)   (0.03)   (0.07)   (0.03)   (0.04)   (0.03)
======================================================================================================================================================================================================================
fixedacid
  mean             6.5367   6.5717   6.9737   6.8596   6.8803   6.7654   6.8682   8.6179   6.5665   6.4911   6.7436   6.3991   8.4704   7.1558   7.2556   7.3769   6.5155   7.0233   6.5487   6.6865   7.3271   5.7372
  std. dev.        0.6181   0.6659   0.7552   0.8141   0.8013   0.8731   0.4481   0.6719   0.4237   0.8138   0.6507   0.6313   1.7745   0.4016   0.6403   1.0657   0.3141   0.4566   0.6118   0.5936   0.7814   0.6845

volacid
  mean             0.4026   0.2235   0.2532   0.2175   0.2412    0.307   0.3806   0.2484   0.2896   0.2673   0.3362   0.2649   0.4568   0.2542   0.2022   0.3623   0.2798   0.2277   0.2675    0.242   0.3224   0.3846
  std. dev.        0.1399   0.0699   0.0635   0.0562     0.07   0.0697   0.1224   0.0733     0.09   0.0678   0.0801   0.0636   0.2153   0.0687   0.0353   0.1315   0.0334    0.039   0.0788   0.0386   0.0958   0.1594

citricacid
  mean             0.1826   0.2802   0.3184   0.3482   0.3236   0.2986   0.3313   0.4148   0.4389   0.3307   0.3221   0.3157   0.3952   0.4198   0.4126   0.3916   0.3784    0.353   0.3002   0.3033   0.4116    0.266
  std. dev.        0.0958   0.0571   0.0747   0.0716   0.1022   0.0435   0.1435   0.0865   0.1916   0.1615   0.0727   0.0464   0.1035   0.1539   0.0871   0.2288   0.1254   0.0713   0.0525   0.0736    0.157   0.1646

residualsugar
  mean             3.1636   6.9138  10.5056   1.3803   1.5327   8.1453   9.3347   2.6029   2.9889   4.5828    4.483   1.8219  11.7235  13.4954  13.7198    9.692   7.6807   6.7188   3.2265  17.1516  14.6772   2.1869
  std. dev.        1.9109   2.0537   2.7598   0.3289   0.3576   1.8757     1.96   1.8033   2.0476   2.3098   1.7481   0.6531  13.0374   1.5579   1.3799   4.4671   0.5444   1.6158   1.3237   1.8225    2.429   1.3729

chlorides
  mean             0.0496   0.0429   0.0464   0.0383   0.0468   0.0326   0.0583   0.0429   0.1314   0.0436   0.0323    0.034   0.1022   0.0502   0.0455   0.0363   0.0471   0.0389   0.0381   0.0506   0.0492   0.0303
  std. dev.        0.0091   0.0083   0.0076    0.008     0.01   0.0061   0.0197   0.0107     0.06   0.0055    0.006   0.0088   0.0731   0.0085   0.0051    0.007   0.0052   0.0115   0.0076   0.0116   0.0084   0.0072

freesulfur
  mean            20.6194   30.764  43.3367   29.559  30.3912   28.028   37.683  17.2737  40.5172  60.7384  29.3285   28.966  28.6688  43.2106  55.9976  29.3365  53.3305  34.8654  33.3522  37.2621  53.0147  31.8605
  std. dev.        8.9513   9.4852  15.6398  13.3482  13.3142   9.6071  15.6879   8.6694  19.4531  38.8142  10.3603  10.7793  11.1837  13.5424  11.6007  14.3498   8.2394  12.2779  14.8823    9.851  13.9189  20.8447

totalsulfur
  mean           115.0815 124.8465  160.635  108.085  136.012 112.6505 172.5993  101.282 142.6456 183.3529 106.5686 103.3279 161.5814 162.9069 166.4057 130.7417 195.7402 132.3752 128.9791 144.2931 203.0292 109.6058
  std. dev.       29.9095  23.8102  36.3092  28.0026  33.2997  18.9053  37.0761    38.77  35.9755  45.7068  21.3912  25.3595  68.9602  28.3399   16.228  36.6041  19.4269  29.8663  35.5875  22.2851   27.626  36.3179

density
  mean             0.9938   0.9946   0.9964   0.9911   0.9931   0.9927   0.9967   0.9939   0.9937   0.9939   0.9907   0.9895   0.9982   0.9981   0.9988   0.9945   0.9956   0.9933   0.9917   0.9994   0.9988   0.9897
  std. dev.        0.0008   0.0007    0.001   0.0007   0.0009   0.0008   0.0008   0.0013    0.001    0.001   0.0008   0.0005   0.0089   0.0004   0.0013   0.0015   0.0004   0.0006   0.0006   0.0007    0.001   0.0011

pH
  mean             3.1816   3.2677   3.1954   3.1809    3.273   3.1408   3.1645   3.0489   3.0935   3.2347   3.1797   3.1984   3.0474   3.0383     3.31   3.1591   3.1671   3.1248   3.2316   3.1898   3.1279   3.2903
  std. dev.        0.1125   0.1429   0.1424   0.1429   0.1527   0.1439   0.1465   0.1192   0.0998   0.1629   0.1269   0.1286    0.131   0.0834   0.1083    0.141    0.042   0.0949   0.1515   0.1516    0.126   0.1526

sulphates
  mean             0.4505   0.4732   0.4883   0.5067   0.5278   0.3894   0.4934   0.4679   0.4494   0.5869   0.5061   0.4217   0.5848   0.4569   0.7551   0.4193   0.4651   0.4661   0.5066   0.4482   0.5556   0.5154
  std. dev.         0.082   0.0931   0.0865   0.1153   0.1167   0.0563    0.089   0.1121   0.0679   0.1464   0.1291   0.0715    0.149   0.0527   0.0488   0.0799   0.0479   0.1289    0.122   0.0486   0.0966   0.1973

alcohol
  mean             9.5191  10.1669   9.9169  11.3321  10.1498  11.7252   9.2975  10.2852   9.4698  10.1347  12.5278  12.4823  10.5251   8.9872   9.5103  11.3034   9.3355  11.1098  11.3395   9.0294   9.2839   12.452
  std. dev.        0.5275   0.5123   0.5587   0.5454    0.522   0.6325   0.2539   0.6617   0.3833   0.5214   0.4214   0.4723     1.37   0.2242   0.6462    0.878    0.254   0.3095   0.5001   0.2848   0.4106   0.8996



Time taken to build model (full training data) : 1142.82 seconds

=== Model and evaluation on training set ===

Clustered Instances

 0       115 (  3%)
 1       216 (  6%)
 2       379 ( 11%)
 3       324 (  9%)
 4       377 ( 11%)
 5       109 (  3%)
 6       138 (  4%)
 7       111 (  3%)
 8        84 (  2%)
 9        78 (  2%)
10       193 (  6%)
11       178 (  5%)
12        31 (  1%)
13       193 (  6%)
14        40 (  1%)
15       117 (  3%)
16       113 (  3%)
17       104 (  3%)
18       221 (  6%)
19        97 (  3%)
20       135 (  4%)
21        76 (  2%)


Log likelihood: -1.95408

