=== Run information ===

Scheme:       weka.clusterers.SimpleKMeans -init 0 -max-candidates 100 -periodic-pruning 10000 -min-density 2.0 -t1 -1.25 -t2 -1.0 -N 15 -A "weka.core.ManhattanDistance -R first-last" -I 500 -num-slots 1 -S 10
Relation:     wine-weka.filters.unsupervised.instance.Resample-S0-Z30.0-no-replacement-V
Instances:    3429
Attributes:   12
              fixedacid
              volacid
              citricacid
              residualsugar
              chlorides
              freesulfur
              totalsulfur
              density
              pH
              sulphates
              alcohol
Ignored:
              class
Test mode:    evaluate on training data


=== Clustering model (full training set) ===


kMeans
======

Number of iterations: 63
Sum of within cluster distances: 1831.6874248666547

Initial starting points (random):

Cluster 0: 7,0.27,0.32,6.8,0.047,47,193,0.9938,3.23,0.39,11.4
Cluster 1: 6.8,0.27,0.49,1.2,0.044,35,126,0.99,3.13,0.48,12.1
Cluster 2: 6.8,0.21,0.31,2.9,0.046,40,121,0.9913,3.07,0.65,10.9
Cluster 3: 6.6,0.3,0.25,8,0.036,21,124,0.99362,3.06,0.38,10.8
Cluster 4: 6.8,0.41,0.3,8.8,0.045,28,131,0.9953,3.12,0.59,9.9
Cluster 5: 7,0.15,0.28,14.7,0.051,29,149,0.99792,2.96,0.39,9
Cluster 6: 5.9,0.17,0.28,0.7,0.027,5,28,0.98985,3.13,0.32,10.6
Cluster 7: 6.2,0.36,0.26,13.2,0.051,54,201,0.9976,3.25,0.46,9
Cluster 8: 6.3,0.37,0.28,6.3,0.034,45,152,0.9921,3.29,0.46,11.6
Cluster 9: 6.6,0.37,0.07,1.4,0.048,58,144,0.9922,3.17,0.38,10
Cluster 10: 6.3,0.19,0.32,2.8,0.046,18,80,0.99043,2.92,0.47,11.05
Cluster 11: 6.4,0.25,0.28,4.9,0.03,29,98,0.99024,3.09,0.58,12.8
Cluster 12: 9.6,0.655,0.21,2,0.039,21,120,0.99188,3,1,12.6
Cluster 13: 6.2,0.3,0.28,1.6,0.036,28,106,0.988245,3.14,0.41,13.3
Cluster 14: 5.8,0.31,0.31,7.5,0.052,55,230,0.9949,3.19,0.46,9.8

Missing values globally replaced with mean/mode

Final cluster centroids:
                             Cluster#
Attribute        Full Data          0          1          2          3          4          5          6          7          8          9         10         11         12         13         14
                  (3429.0)    (306.0)    (224.0)    (175.0)    (221.0)    (287.0)    (333.0)    (192.0)    (214.0)    (226.0)    (250.0)    (161.0)    (184.0)    (137.0)    (220.0)    (299.0)
===============================================================================================================================================================================================
fixedacid              6.8          7        7.2        6.6        7.3        6.8        7.1        6.4        7.4          6        6.7        8.2        6.6        6.8        6.2        6.5
volacid               0.26       0.22       0.28       0.21       0.29       0.28       0.23       0.18       0.32       0.27       0.34       0.22       0.33       0.19       0.27       0.27
citricacid            0.32       0.34       0.31        0.3       0.29       0.31       0.32       0.28       0.42       0.28       0.24        0.4        0.3       0.35       0.32       0.32
residualsugar          5.2        1.8      3.125        1.8        9.6          7       14.2          6       13.6        2.2        2.4        1.6        3.9        1.7        2.1        8.1
chlorides            0.043      0.041      0.034      0.044      0.037      0.046       0.05      0.045      0.049      0.036      0.053      0.042      0.033      0.037      0.034      0.048
freesulfur              34         29         26         31         33         38         41         30         51         32         24         17         29         35         31         53
totalsulfur            134        115        100        140        134        162        155        116      193.5        117      129.5        100      107.5        117      114.5        191
density             0.9938     0.9921      0.991     0.9938     0.9945     0.9952     0.9982     0.9945     0.9984     0.9918     0.9939     0.9936     0.9906     0.9914     0.9899     0.9959
pH                    3.18       3.18       3.05       3.46       3.12       3.22       3.07       3.29       3.09       3.34       3.14       3.05       3.24       3.13       3.25       3.18
sulphates             0.47       0.49       0.38       0.58       0.37       0.58       0.45       0.42       0.57       0.46       0.45       0.47       0.59        0.7       0.39       0.47
alcohol               10.4         11         12       10.4       10.8         10          9        9.9        9.3       11.2        9.4       10.2       12.6       11.4       12.5        9.4




Time taken to build model (full training data) : 0.5 seconds

=== Model and evaluation on training set ===

Clustered Instances

 0       306 (  9%)
 1       224 (  7%)
 2       175 (  5%)
 3       221 (  6%)
 4       287 (  8%)
 5       333 ( 10%)
 6       192 (  6%)
 7       214 (  6%)
 8       226 (  7%)
 9       250 (  7%)
10       161 (  5%)
11       184 (  5%)
12       137 (  4%)
13       220 (  6%)
14       299 (  9%)

